           646.534896482
           234.310401247
           100.210322043
           53.3038930904
           36.0520656907
           26.8442676694
           21.1500774404
           17.2883918860
           14.5016349357
           12.3987610723
           10.7578218790
           9.44349675426
           8.36856383550
           7.47426103977
           6.71955176248
           6.07491363517
           5.51857033895
           5.03411262143
           4.60894469007
           4.23323989725
          -20.1010439045
          -36.3997275234
          -45.3300208564
          -50.5754549135
          -53.1288803565
          -53.3279572154
          -51.1750917240
          -46.3375251417
          -37.8275833625
          -21.9674121528
           1.90380254378
           1.78484939319
           1.67484607466
           1.57294436352
           1.47839844674
           1.39054984853
           1.30881493334
           1.23267448837
           1.16166499433
           1.09537127521
           1.03342028065
          0.975475803666
          0.921233974452
          0.870419401568
          0.822781855225
          0.778093406698
          0.736145952979
          0.696749068088
          0.659728132352
          0.624922699031
 *
           234.310401247
           1796.35861194
           443.010984807
           157.251655280
           74.8125205789
           47.3095709400
           33.6696505867
           25.6759434551
           20.4731861534
           16.8398996116
           14.1712085668
           12.1352276183
           10.5354077837
           9.24827403052
           8.19252823110
           7.31255645420
          -1.43112144404
          -40.0238527913
          -57.0980471088
          -68.8500881609
          -77.4884216111
          -83.8829811733
          -88.4724013425
          -91.5004670733
          -93.1022249482
          -93.3399695567
          -92.2170930224
          -89.6782303370
          -85.5957136184
          -79.7339310000
          -71.6636376449
          -60.5260554277
          -44.1264213967
          -6.28593130552
           1.60680810001
           1.50752733043
           1.41550754322
           1.33009513340
           1.25071078786
           1.17683915001
           1.10802015823
           1.04384175190
          0.983933701273
          0.927962365539
          0.875626221391
          0.826652034219
          0.780791567650
          0.737818746000
          0.697527199251
          0.659728132352
 *
           100.210322043
           443.010984807
           2947.11956019
           648.473443945
           213.086892737
           96.0393320481
           58.4762187385
           40.4456625278
           30.1594947413
           23.6186271231
           19.1421418094
           15.9112205073
           13.4836499635
           11.6014559468
          -22.8816815861
          -51.5110813470
          -69.2648611740
          -82.3987605746
          -92.6233766503
          -100.713014975
          -107.094084793
          -112.026209358
          -115.675401320
          -118.148540486
          -119.511033741
          -119.795946271
          -119.008035138
          -117.123984884
          -114.088869245
          -109.807591741
          -104.127940342
          -96.8070607888
          -87.4396119428
          -75.2785980072
          -58.6499299576
          -31.3483845884
           1.53280045920
           1.43686559294
           1.34801448428
           1.26560917471
           1.18908375722
           1.11793442646
           1.05171112807
          0.990010517391
          0.932469996073
          0.878762640341
          0.828592870720
          0.781692740908
          0.737818746000
          0.696749068088
 *
           53.3038930904
           157.251655280
           648.473443945
           4034.35539842
           842.439772169
           266.464395389
           116.706944868
           69.3811869232
           47.0546725939
           34.5257867182
           26.6772354599
           21.3774490902
          -11.2499489028
          -47.6989602699
          -69.3498698783
          -85.4071392830
          -98.0724666558
          -108.322122833
          -116.693715312
          -123.518741833
          -129.015498510
          -133.333141858
          -136.574981496
          -138.811658442
          -140.088836425
          -140.431594949
          -139.846586236
          -138.322412573
          -135.828267651
          -132.310481118
          -127.686028246
          -121.830996944
          -114.559670308
          -105.584046975
          -94.4265586617
          -80.1967236723
          -60.8201745154
          -27.2903995729
           1.45450288302
           1.36247095124
           1.27728442734
           1.19832843100
           1.12505679914
           1.05698270660
          0.993670777215
          0.934730418689
          0.879810167374
          0.828592870720
          0.780791567650
          0.736145952979
 *
           36.0520656907
           74.8125205789
           213.086892737
           842.439772169
           5045.70509019
           1029.42264044
           318.592768926
           136.672296364
           79.8816932395
           53.4143410420
           38.7259721108
          -24.0613720640
          -55.2791181134
          -77.1271035447
          -93.9516952590
          -107.452977242
          -118.517682339
          -127.674587556
          -135.264873375
          -141.520170951
          -146.603000864
          -150.629522084
          -153.683074134
          -155.822533634
          -157.087539372
          -157.501684880
          -157.074269982
          -155.800901684
          -153.663022576
          -150.626249911
          -146.637164883
          -141.617802018
          -135.456356923
          -127.991087406
          -118.980750502
          -108.045179893
          -94.5285052141
          -77.1080828033
          -52.0945177639
           1.46832131955
           1.37338355973
           1.28567067188
           1.20452062595
           1.12934649574
           1.05962608584
          0.994893224043
          0.934730418689
          0.878762640341
          0.826652034219
          0.778093406698
 *
           26.8442676694
           47.3095709400
           96.0393320481
           266.464395389
           1029.42264044
           6055.68338982
           1210.15609065
           368.114848632
           155.673345575
           65.8525619715
          -7.02350160485
          -46.7484925732
          -74.0377940756
          -94.4474523551
          -110.465530692
          -123.409191518
          -134.049863526
          -142.872460982
          -150.198105878
          -156.247830886
          -161.178021808
          -165.101228924
          -168.098904340
          -170.229429925
          -171.533251107
          -172.036131062
          -171.751099495
          -170.679409321
          -168.810641379
          -166.121958749
          -162.576368312
          -158.119652710
          -152.675316709
          -146.136295849
          -138.350945530
          -129.098028055
          -118.038241749
          -104.608368248
          -87.7435196645
          -64.8689563883
          -22.5218038327
           1.38069197303
           1.29072108329
           1.20762543233
           1.13077910390
           1.05962608584
          0.993670777215
          0.932469996073
          0.875626221391
          0.822781855225
 *
           21.1500774404
           33.6696505867
           58.4762187385
           116.706944868
           318.592768926
           1210.15609065
           7000.83206491
           1380.09299184
           377.773429749
           99.6430728336
           2.88707650891
          -48.2823526282
          -80.7734342787
          -103.749124663
          -121.105468890
          -134.770364569
          -145.805825968
          -154.845690898
          -162.292106723
          -168.412449638
          -173.390834142
          -177.357177616
          -180.404405554
          -182.599021513
          -183.987767455
          -184.601860495
          -184.459640702
          -183.568101450
          -181.923555347
          -179.511540683
          -176.305951502
          -172.267244230
          -167.339395045
          -161.444987938
          -154.477267280
          -146.286874679
          -136.658492903
          -125.266359269
          -111.579428617
          -94.6217656407
          -72.1636663701
          -35.1764595505
           1.38435615864
           1.29240765981
           1.20762543233
           1.12934649574
           1.05698270660
          0.990010517391
          0.927962365539
          0.870419401568
 *
           17.2883918860
           25.6759434551
           40.4456625278
           69.3811869232
           136.672296364
           368.114848632
           1380.09299184
           7798.44216989
           1454.20028806
           357.510414230
           72.3125725685
          -24.0982147632
          -73.6916673761
          -104.459507939
          -125.817400710
          -141.709286968
          -154.058549093
          -163.909997764
          -171.878792411
          -178.350124704
          -183.576845346
          -187.730878993
          -190.931966044
          -193.264517132
          -194.787868346
          -195.542677093
          -195.554941942
          -194.838473469
          -193.396279290
          -191.221108609
          -188.295254473
          -184.589590798
          -180.061691465
          -174.652699989
          -168.282323670
          -160.840779629
          -152.175407872
          -142.067181341
          -130.186140242
          -115.996876861
          -98.5216217725
          -75.5521774195
          -38.5138653534
           1.38435615864
           1.29072108329
           1.20452062595
           1.12505679914
           1.05171112807
          0.983933701273
          0.921233974452
 *
           14.5016349357
           20.4731861534
           30.1594947413
           47.0546725939
           79.8816932395
           155.673345575
           377.773429749
           1454.20028806
           8497.48317636
           1556.60369056
           363.417813528
           58.1623734227
          -42.1581003217
          -92.3855447404
          -122.776511354
          -143.410006926
          -158.467192343
          -169.965204013
          -178.986806872
          -186.161605642
          -191.878877643
          -196.390917448
          -199.867060079
          -202.423649528
          -204.141473092
          -205.076280897
          -205.265287766
          -204.731217725
          -203.484755978
          -201.525889396
          -198.844387815
          -195.419524346
          -191.219006016
          -186.196949281
          -180.290545240
          -173.414744554
          -165.453704639
          -156.246538424
          -145.562196048
          -133.051489650
          -118.144336945
          -99.7881586198
          -75.5521774195
          -35.1764595505
           1.38069197303
           1.28567067188
           1.19832843100
           1.11793442646
           1.04384175190
          0.975475803666
 *
           12.3987610723
           16.8398996116
           23.6186271231
           34.5257867182
           53.4143410420
           65.8525619715
           99.6430728336
           357.510414230
           1556.60369056
           9199.24310759
           1662.44486087
           375.500066524
           49.7660765254
          -55.4653110288
          -107.067300934
          -137.614820949
          -157.924505707
          -172.457698193
          -183.350830607
          -191.741212617
          -198.284266050
          -203.381369253
          -207.290029060
          -210.181220349
          -212.171038164
          -213.339010364
          -213.739080633
          -213.406351270
          -212.361243331
          -210.611988749
          -208.155960219
          -204.980101175
          -201.060553792
          -196.361446055
          -190.832649214
          -184.406105635
          -176.989971486
          -168.459146221
          -158.639363872
          -147.278823735
          -133.993106983
          -118.144336945
          -98.5216217725
          -72.1636663701
          -22.5218038327
           1.37338355973
           1.27728442734
           1.18908375722
           1.10802015823
           1.03342028065
 *
           10.7578218790
           14.1712085668
           19.1421418094
           26.6772354599
           38.7259721108
          -7.02350160485
           2.88707650891
           72.3125725685
           363.417813528
           1662.44486087
           9852.08515768
           1769.57747857
           391.424152739
           44.6428809706
          -65.7793282490
          -119.006231937
          -149.939730489
          -170.125166614
          -184.303401558
          -194.733867384
          -202.612800781
          -208.625231210
          -213.187693642
          -216.565337738
          -218.932699827
          -220.407132595
          -221.068072366
          -220.968545677
          -220.142197166
          -218.607594667
          -216.370777171
          -213.426576499
          -209.758983775
          -205.340654501
          -200.131495440
          -194.076106924
          -187.099608530
          -179.100953269
          -169.942019321
          -159.429035474
          -147.278823735
          -133.051489650
          -115.996876861
          -94.6217656407
          -64.8689563883
           1.46832131955
           1.36247095124
           1.26560917471
           1.17683915001
           1.09537127521
 *
           9.44349675426
           12.1352276183
           15.9112205073
           21.3774490902
          -24.0613720640
          -46.7484925732
          -48.2823526282
          -24.0982147632
           58.1623734227
           375.500066524
           1769.57747857
           10525.8779957
           1874.83704983
           407.800913878
           41.3897837886
          -74.0126219673
          -128.903973159
          -160.319868042
          -180.482812772
          -194.400970548
          -204.453833849
          -211.896095442
          -217.442861079
          -221.526653169
          -224.421150580
          -226.305252448
          -227.298239270
          -227.479987785
          -226.903004780
          -225.599743441
          -223.587052613
          -220.868773474
          -217.437036967
          -213.272537860
          -208.343868641
          -202.605827324
          -195.996414939
          -188.431940254
          -179.799120660
          -169.942019321
          -158.639363872
          -145.562196048
          -130.186140242
          -111.579428617
          -87.7435196645
          -52.0945177639
           1.45450288302
           1.34801448428
           1.25071078786
           1.16166499433
 *
           8.36856383550
           10.5354077837
           13.4836499635
          -11.2499489028
          -55.2791181134
          -74.0377940756
          -80.7734342787
          -73.6916673761
          -42.1581003217
           49.7660765254
           391.424152739
           1874.83704983
           11131.9601560
           1970.56791122
           423.751206942
           39.4550751875
          -80.6784253089
          -137.201426457
          -169.123622409
          -189.309669665
          -203.019709996
          -212.745892516
          -219.798318129
          -224.921175453
          -228.562790907
          -231.005473581
          -232.432673592
          -232.965794009
          -232.685311673
          -231.643311797
          -229.871073052
          -227.383642694
          -224.182460405
          -220.256601674
          -215.582914992
          -210.125115847
          -203.831706251
          -196.632348098
          -188.431940254
          -179.100953269
          -168.459146221
          -156.246538424
          -142.067181341
          -125.266359269
          -104.608368248
          -77.1080828033
          -27.2903995729
           1.43686559294
           1.33009513340
           1.23267448837
 *
           7.47426103977
           9.24827403052
           11.6014559468
          -47.6989602699
          -77.1271035447
          -94.4474523551
          -103.749124663
          -104.459507939
          -92.3855447404
          -55.4653110288
           44.6428809706
           407.800913878
           1970.56791122
           11675.3883222
           2060.85387817
           439.797316638
           38.3896128631
          -86.1534055681
          -144.192760750
          -176.599796417
          -196.823336703
          -210.351289753
          -219.779530758
          -226.470175237
          -231.194966824
          -234.417261115
          -236.427607738
          -237.413823003
          -237.499339323
          -236.765159035
          -235.262842790
          -233.022330016
          -230.056610645
          -226.364343352
          -221.931001474
          -216.728810329
          -210.715504771
          -203.831706251
          -195.996414939
          -187.099608530
          -176.989971486
          -165.453704639
          -152.175407872
          -136.658492903
          -118.038241749
          -94.5285052141
          -60.8201745154
           1.53280045920
           1.41550754322
           1.30881493334
 *
           6.71955176248
           8.19252823110
          -22.8816815861
          -69.3498698783
          -93.9516952590
          -110.465530692
          -121.105468890
          -125.817400710
          -122.776511354
          -107.067300934
          -65.7793282490
           41.3897837886
           423.751206942
           2060.85387817
           12208.1453016
           2144.27758504
           454.325209354
           37.8313405102
          -90.6450395834
          -150.070233464
          -182.927503550
          -203.183510244
          -216.536661681
          -225.679874850
          -232.023508868
          -236.364634647
          -239.180388177
          -240.768874287
          -241.321876928
          -240.964584473
          -239.778285860
          -237.813758026
          -235.099281708
          -231.645371823
          -227.447345404
          -222.486309593
          -216.728810329
          -210.125115847
          -202.605827324
          -194.076106924
          -184.406105635
          -173.414744554
          -160.840779629
          -146.286874679
          -129.098028055
          -108.045179893
          -80.1967236723
          -31.3483845884
           1.50752733043
           1.39054984853
 *
           6.07491363517
           7.31255645420
          -51.5110813470
          -85.4071392830
          -107.452977242
          -123.409191518
          -134.770364569
          -141.709286968
          -143.410006926
          -137.614820949
          -119.006231937
          -74.0126219673
           39.4550751875
           439.797316638
           2144.27758504
           12664.4271922
           2216.87782358
           467.660503632
           37.8303025887
          -94.2939933570
          -154.994702426
          -188.244918616
          -208.508679314
          -221.680425209
          -230.540527279
          -236.542310179
          -240.505478759
          -242.919548721
          -244.089380561
          -244.210199196
          -243.408538186
          -241.765594085
          -239.330957714
          -236.130778884
          -232.172506523
          -227.447345404
          -221.931001474
          -215.582914992
          -208.343868641
          -200.131495440
          -190.832649214
          -180.290545240
          -168.282323670
          -154.477267280
          -138.350945530
          -118.980750502
          -94.4265586617
          -58.6499299576
           1.60680810001
           1.47839844674
 *
           5.51857033895
          -1.43112144404
          -69.2648611740
          -98.0724666558
          -118.517682339
          -134.049863526
          -145.805825968
          -154.058549093
          -158.467192343
          -157.924505707
          -149.939730489
          -128.903973159
          -80.6784253089
           38.3896128631
           454.325209354
           2216.87782358
           13062.7755559
           2286.19674610
           481.072396504
           38.1055954982
          -97.3039240882
          -159.088766162
          -192.648668020
          -212.885476512
          -225.861385890
          -234.432414900
          -240.089839633
          -243.673585020
          -245.684181640
          -246.432355518
          -246.116115570
          -244.862792427
          -242.752971784
          -239.834507849
          -236.130778884
          -231.645371823
          -226.364343352
          -220.256601674
          -213.272537860
          -205.340654501
          -196.361446055
          -186.196949281
          -174.652699989
          -161.444987938
          -146.136295849
          -127.991087406
          -105.584046975
          -75.2785980072
          -6.28593130552
           1.57294436352
 *
           5.03411262143
          -40.0238527913
          -82.3987605746
          -108.322122833
          -127.674587556
          -142.872460982
          -154.845690898
          -163.909997764
          -169.965204013
          -172.457698193
          -170.125166614
          -160.319868042
          -137.201426457
          -86.1534055681
           37.8313405102
           467.660503632
           2286.19674610
           13479.2517075
           2348.42640745
           491.946739905
           38.3562845296
          -99.7380370748
          -162.414340374
          -196.208637341
          -216.381532878
          -229.140505447
          -237.409185473
          -242.712900554
          -245.909490712
          -247.508994650
          -247.826944089
          -247.063320524
          -245.345559905
          -242.752971784
          -239.330957714
          -235.099281708
          -230.056610645
          -224.182460405
          -217.437036967
          -209.758983775
          -201.060553792
          -191.219006016
          -180.061691465
          -167.339395045
          -152.675316709
          -135.456356923
          -114.559670308
          -87.4396119428
          -44.1264213967
           1.67484607466
 *
           4.60894469007
          -57.0980471088
          -92.6233766503
          -116.693715312
          -135.264873375
          -150.198105878
          -162.292106723
          -171.878792411
          -178.986806872
          -183.350830607
          -184.303401558
          -180.482812772
          -169.123622409
          -144.192760750
          -90.6450395834
           37.8303025887
           481.072396504
           2348.42640745
           13792.6964832
           2397.32541161
           501.119412363
           38.8307843661
          -101.599312615
          -165.034638647
          -198.988508595
          -219.051413639
          -231.563826501
          -239.509820763
          -244.444391212
          -247.240547791
          -248.416046098
          -248.289973110
          -247.063320524
          -244.862792427
          -241.765594085
          -237.813758026
          -233.022330016
          -227.383642694
          -220.868773474
          -213.426576499
          -204.980101175
          -195.419524346
          -184.589590798
          -172.267244230
          -158.119652710
          -141.617802018
          -121.830996944
          -96.8070607888
          -60.5260554277
           1.78484939319
 *
           4.23323989725
          -68.8500881609
          -100.713014975
          -123.518741833
          -141.520170951
          -156.247830886
          -168.412449638
          -178.350124704
          -186.161605642
          -191.741212617
          -194.733867384
          -194.400970548
          -189.309669665
          -176.599796417
          -150.070233464
          -94.2939933570
           38.1055954982
           491.946739905
           2397.32541161
           14048.3169793
           2442.24581969
           510.179477134
           39.4756566437
          -103.001475326
          -167.023937062
          -201.039797271
          -220.934644155
          -233.163288603
          -240.760371921
          -245.305115845
          -247.682518729
          -248.416046098
          -247.826944089
          -246.116115570
          -243.408538186
          -239.778285860
          -235.262842790
          -229.871073052
          -223.587052613
          -216.370777171
          -208.155960219
          -198.844387815
          -188.295254473
          -176.305951502
          -162.576368312
          -146.637164883
          -127.686028246
          -104.127940342
          -71.6636376449
           1.90380254378
 *
          -20.1010439045
          -77.4884216111
          -107.094084793
          -129.015498510
          -146.603000864
          -161.178021808
          -173.390834142
          -183.576845346
          -191.878877643
          -198.284266050
          -202.612800781
          -204.453833849
          -203.019709996
          -196.823336703
          -182.927503550
          -154.994702426
          -97.3039240882
           38.3562845296
           501.119412363
           2442.24581969
           14316.0498991
           2482.67817061
           517.464978664
           39.9848104897
          -104.038074913
          -168.428517391
          -202.394223409
          -222.055930326
          -233.958433592
          -241.175629125
          -245.305115845
          -247.240547791
          -247.508994650
          -246.432355518
          -244.210199196
          -240.964584473
          -236.765159035
          -231.643311797
          -225.599743441
          -218.607594667
          -210.611988749
          -201.525889396
          -191.221108609
          -179.511540683
          -166.121958749
          -150.626249911
          -132.310481118
          -109.807591741
          -79.7339310000
          -21.9674121528
 *
          -36.3997275234
          -83.8829811733
          -112.026209358
          -133.333141858
          -150.629522084
          -165.101228924
          -177.357177616
          -187.730878993
          -196.390917448
          -203.381369253
          -208.625231210
          -211.896095442
          -212.745892516
          -210.351289753
          -203.183510244
          -188.244918616
          -159.088766162
          -99.7380370748
           38.8307843661
           510.179477134
           2482.67817061
           14519.5508919
           2512.46822544
           522.619375435
           40.3037945056
          -104.731918857
          -169.267113501
          -203.068055808
          -222.428338679
          -233.958433592
          -240.760371921
          -244.444391212
          -245.909490712
          -245.684181640
          -244.089380561
          -241.321876928
          -237.499339323
          -232.685311673
          -226.903004780
          -220.142197166
          -212.361243331
          -203.484755978
          -193.396279290
          -181.923555347
          -168.810641379
          -153.663022576
          -135.828267651
          -114.088869245
          -85.5957136184
          -37.8275833625
 *
          -45.3300208564
          -88.4724013425
          -115.675401320
          -136.574981496
          -153.683074134
          -168.098904340
          -180.404405554
          -190.931966044
          -199.867060079
          -207.290029060
          -213.187693642
          -217.442861079
          -219.798318129
          -219.779530758
          -216.536661681
          -208.508679314
          -192.648668020
          -162.414340374
          -101.599312615
           39.4756566437
           517.464978664
           2512.46822544
           14661.3959062
           2532.61219274
           525.912103577
           40.4745759907
          -105.080597448
          -169.546121856
          -203.068055808
          -222.055930326
          -233.163288603
          -239.509820763
          -242.712900554
          -243.673585020
          -242.919548721
          -240.768874287
          -237.413823003
          -232.965794009
          -227.479987785
          -220.968545677
          -213.406351270
          -204.731217725
          -194.838473469
          -183.568101450
          -170.679409321
          -155.800901684
          -138.322412573
          -117.123984884
          -89.6782303370
          -46.3375251417
 *
          -50.5754549135
          -91.5004670733
          -118.148540486
          -138.811658442
          -155.822533634
          -170.229429925
          -182.599021513
          -193.264517132
          -202.423649528
          -210.181220349
          -216.565337738
          -221.526653169
          -224.921175453
          -226.470175237
          -225.679874850
          -221.680425209
          -212.885476512
          -196.208637341
          -165.034638647
          -103.001475326
           39.9848104897
           522.619375435
           2532.61219274
           14752.8666857
           2544.38240195
           527.522051818
           40.5282211458
          -105.080597448
          -169.267113501
          -202.394223409
          -220.934644155
          -231.563826501
          -237.409185473
          -240.089839633
          -240.505478759
          -239.180388177
          -236.427607738
          -232.432673592
          -227.298239270
          -221.068072366
          -213.739080633
          -205.265287766
          -195.554941942
          -184.459640702
          -171.751099495
          -157.074269982
          -139.846586236
          -119.008035138
          -92.2170930224
          -51.1750917240
 *
          -53.1288803565
          -93.1022249482
          -119.511033741
          -140.088836425
          -157.087539372
          -171.533251107
          -183.987767455
          -194.787868346
          -204.141473092
          -212.171038164
          -218.932699827
          -224.421150580
          -228.562790907
          -231.194966824
          -232.023508868
          -230.540527279
          -225.861385890
          -216.381532878
          -198.988508595
          -167.023937062
          -104.038074913
           40.3037945056
           525.912103577
           2544.38240195
           14797.8724188
           2548.26140811
           527.522051818
           40.4745759907
          -104.731918857
          -168.428517391
          -201.039797271
          -219.051413639
          -229.140505447
          -234.432414900
          -236.542310179
          -236.364634647
          -234.417261115
          -231.005473581
          -226.305252448
          -220.407132595
          -213.339010364
          -205.076280897
          -195.542677093
          -184.601860495
          -172.036131062
          -157.501684880
          -140.431594949
          -119.795946271
          -93.3399695567
          -53.3279572154
 *
          -53.3279572154
          -93.3399695567
          -119.795946271
          -140.431594949
          -157.501684880
          -172.036131062
          -184.601860495
          -195.542677093
          -205.076280897
          -213.339010364
          -220.407132595
          -226.305252448
          -231.005473581
          -234.417261115
          -236.364634647
          -236.542310179
          -234.432414900
          -229.140505447
          -219.051413639
          -201.039797271
          -168.428517391
          -104.731918857
           40.4745759907
           527.522051818
           2548.26140811
           14797.8724188
           2544.38240195
           525.912103577
           40.3037945056
          -104.038074913
          -167.023937062
          -198.988508595
          -216.381532878
          -225.861385890
          -230.540527279
          -232.023508868
          -231.194966824
          -228.562790907
          -224.421150580
          -218.932699827
          -212.171038164
          -204.141473092
          -194.787868346
          -183.987767455
          -171.533251107
          -157.087539372
          -140.088836425
          -119.511033741
          -93.1022249482
          -53.1288803565
 *
          -51.1750917240
          -92.2170930224
          -119.008035138
          -139.846586236
          -157.074269982
          -171.751099495
          -184.459640702
          -195.554941942
          -205.265287766
          -213.739080633
          -221.068072366
          -227.298239270
          -232.432673592
          -236.427607738
          -239.180388177
          -240.505478759
          -240.089839633
          -237.409185473
          -231.563826501
          -220.934644155
          -202.394223409
          -169.267113501
          -105.080597448
           40.5282211458
           527.522051818
           2544.38240195
           14752.8666857
           2532.61219274
           522.619375435
           39.9848104897
          -103.001475326
          -165.034638647
          -196.208637341
          -212.885476512
          -221.680425209
          -225.679874850
          -226.470175237
          -224.921175453
          -221.526653169
          -216.565337738
          -210.181220349
          -202.423649528
          -193.264517132
          -182.599021513
          -170.229429925
          -155.822533634
          -138.811658442
          -118.148540486
          -91.5004670733
          -50.5754549135
 *
          -46.3375251417
          -89.6782303370
          -117.123984884
          -138.322412573
          -155.800901684
          -170.679409321
          -183.568101450
          -194.838473469
          -204.731217725
          -213.406351270
          -220.968545677
          -227.479987785
          -232.965794009
          -237.413823003
          -240.768874287
          -242.919548721
          -243.673585020
          -242.712900554
          -239.509820763
          -233.163288603
          -222.055930326
          -203.068055808
          -169.546121856
          -105.080597448
           40.4745759907
           525.912103577
           2532.61219274
           14661.3959062
           2512.46822544
           517.464978664
           39.4756566437
          -101.599312615
          -162.414340374
          -192.648668020
          -208.508679314
          -216.536661681
          -219.779530758
          -219.798318129
          -217.442861079
          -213.187693642
          -207.290029060
          -199.867060079
          -190.931966044
          -180.404405554
          -168.098904340
          -153.683074134
          -136.574981496
          -115.675401320
          -88.4724013425
          -45.3300208564
 *
          -37.8275833625
          -85.5957136184
          -114.088869245
          -135.828267651
          -153.663022576
          -168.810641379
          -181.923555347
          -193.396279290
          -203.484755978
          -212.361243331
          -220.142197166
          -226.903004780
          -232.685311673
          -237.499339323
          -241.321876928
          -244.089380561
          -245.684181640
          -245.909490712
          -244.444391212
          -240.760371921
          -233.958433592
          -222.428338679
          -203.068055808
          -169.267113501
          -104.731918857
           40.3037945056
           522.619375435
           2512.46822544
           14519.5508919
           2482.67817061
           510.179477134
           38.8307843661
          -99.7380370748
          -159.088766162
          -188.244918616
          -203.183510244
          -210.351289753
          -212.745892516
          -211.896095442
          -208.625231210
          -203.381369253
          -196.390917448
          -187.730878993
          -177.357177616
          -165.101228924
          -150.629522084
          -133.333141858
          -112.026209358
          -83.8829811733
          -36.3997275234
 *
          -21.9674121528
          -79.7339310000
          -109.807591741
          -132.310481118
          -150.626249911
          -166.121958749
          -179.511540683
          -191.221108609
          -201.525889396
          -210.611988749
          -218.607594667
          -225.599743441
          -231.643311797
          -236.765159035
          -240.964584473
          -244.210199196
          -246.432355518
          -247.508994650
          -247.240547791
          -245.305115845
          -241.175629125
          -233.958433592
          -222.055930326
          -202.394223409
          -168.428517391
          -104.038074913
           39.9848104897
           517.464978664
           2482.67817061
           14316.0498991
           2442.24581969
           501.119412363
           38.3562845296
          -97.3039240882
          -154.994702426
          -182.927503550
          -196.823336703
          -203.019709996
          -204.453833849
          -202.612800781
          -198.284266050
          -191.878877643
          -183.576845346
          -173.390834142
          -161.178021808
          -146.603000864
          -129.015498510
          -107.094084793
          -77.4884216111
          -20.1010439045
 *
           1.90380254378
          -71.6636376449
          -104.127940342
          -127.686028246
          -146.637164883
          -162.576368312
          -176.305951502
          -188.295254473
          -198.844387815
          -208.155960219
          -216.370777171
          -223.587052613
          -229.871073052
          -235.262842790
          -239.778285860
          -243.408538186
          -246.116115570
          -247.826944089
          -248.416046098
          -247.682518729
          -245.305115845
          -240.760371921
          -233.163288603
          -220.934644155
          -201.039797271
          -167.023937062
          -103.001475326
           39.4756566437
           510.179477134
           2442.24581969
           14048.3169793
           2397.32541161
           491.946739905
           38.1055954982
          -94.2939933570
          -150.070233464
          -176.599796417
          -189.309669665
          -194.400970548
          -194.733867384
          -191.741212617
          -186.161605642
          -178.350124704
          -168.412449638
          -156.247830886
          -141.520170951
          -123.518741833
          -100.713014975
          -68.8500881609
           4.23323989725
 *
           1.78484939319
          -60.5260554277
          -96.8070607888
          -121.830996944
          -141.617802018
          -158.119652710
          -172.267244230
          -184.589590798
          -195.419524346
          -204.980101175
          -213.426576499
          -220.868773474
          -227.383642694
          -233.022330016
          -237.813758026
          -241.765594085
          -244.862792427
          -247.063320524
          -248.289973110
          -248.416046098
          -247.240547791
          -244.444391212
          -239.509820763
          -231.563826501
          -219.051413639
          -198.988508595
          -165.034638647
          -101.599312615
           38.8307843661
           501.119412363
           2397.32541161
           13792.6964832
           2348.42640745
           481.072396504
           37.8303025887
          -90.6450395834
          -144.192760750
          -169.123622409
          -180.482812772
          -184.303401558
          -183.350830607
          -178.986806872
          -171.878792411
          -162.292106723
          -150.198105878
          -135.264873375
          -116.693715312
          -92.6233766503
          -57.0980471088
           4.60894469007
 *
           1.67484607466
          -44.1264213967
          -87.4396119428
          -114.559670308
          -135.456356923
          -152.675316709
          -167.339395045
          -180.061691465
          -191.219006016
          -201.060553792
          -209.758983775
          -217.437036967
          -224.182460405
          -230.056610645
          -235.099281708
          -239.330957714
          -242.752971784
          -245.345559905
          -247.063320524
          -247.826944089
          -247.508994650
          -245.909490712
          -242.712900554
          -237.409185473
          -229.140505447
          -216.381532878
          -196.208637341
          -162.414340374
          -99.7380370748
           38.3562845296
           491.946739905
           2348.42640745
           13479.2517075
           2286.19674610
           467.660503632
           37.8313405102
          -86.1534055681
          -137.201426457
          -160.319868042
          -170.125166614
          -172.457698193
          -169.965204013
          -163.909997764
          -154.845690898
          -142.872460982
          -127.674587556
          -108.322122833
          -82.3987605746
          -40.0238527913
           5.03411262143
 *
           1.57294436352
          -6.28593130552
          -75.2785980072
          -105.584046975
          -127.991087406
          -146.136295849
          -161.444987938
          -174.652699989
          -186.196949281
          -196.361446055
          -205.340654501
          -213.272537860
          -220.256601674
          -226.364343352
          -231.645371823
          -236.130778884
          -239.834507849
          -242.752971784
          -244.862792427
          -246.116115570
          -246.432355518
          -245.684181640
          -243.673585020
          -240.089839633
          -234.432414900
          -225.861385890
          -212.885476512
          -192.648668020
          -159.088766162
          -97.3039240882
           38.1055954982
           481.072396504
           2286.19674610
           13062.7755559
           2216.87782358
           454.325209354
           38.3896128631
          -80.6784253089
          -128.903973159
          -149.939730489
          -157.924505707
          -158.467192343
          -154.058549093
          -145.805825968
          -134.049863526
          -118.517682339
          -98.0724666558
          -69.2648611740
          -1.43112144404
           5.51857033895
 *
           1.47839844674
           1.60680810001
          -58.6499299576
          -94.4265586617
          -118.980750502
          -138.350945530
          -154.477267280
          -168.282323670
          -180.290545240
          -190.832649214
          -200.131495440
          -208.343868641
          -215.582914992
          -221.931001474
          -227.447345404
          -232.172506523
          -236.130778884
          -239.330957714
          -241.765594085
          -243.408538186
          -244.210199196
          -244.089380561
          -242.919548721
          -240.505478759
          -236.542310179
          -230.540527279
          -221.680425209
          -208.508679314
          -188.244918616
          -154.994702426
          -94.2939933570
           37.8303025887
           467.660503632
           2216.87782358
           12664.4271922
           2144.27758504
           439.797316638
           39.4550751875
          -74.0126219673
          -119.006231937
          -137.614820949
          -143.410006926
          -141.709286968
          -134.770364569
          -123.409191518
          -107.452977242
          -85.4071392830
          -51.5110813470
           7.31255645420
           6.07491363517
 *
           1.39054984853
           1.50752733043
          -31.3483845884
          -80.1967236723
          -108.045179893
          -129.098028055
          -146.286874679
          -160.840779629
          -173.414744554
          -184.406105635
          -194.076106924
          -202.605827324
          -210.125115847
          -216.728810329
          -222.486309593
          -227.447345404
          -231.645371823
          -235.099281708
          -237.813758026
          -239.778285860
          -240.964584473
          -241.321876928
          -240.768874287
          -239.180388177
          -236.364634647
          -232.023508868
          -225.679874850
          -216.536661681
          -203.183510244
          -182.927503550
          -150.070233464
          -90.6450395834
           37.8313405102
           454.325209354
           2144.27758504
           12208.1453016
           2060.85387817
           423.751206942
           41.3897837886
          -65.7793282490
          -107.067300934
          -122.776511354
          -125.817400710
          -121.105468890
          -110.465530692
          -93.9516952590
          -69.3498698783
          -22.8816815861
           8.19252823110
           6.71955176248
 *
           1.30881493334
           1.41550754322
           1.53280045920
          -60.8201745154
          -94.5285052141
          -118.038241749
          -136.658492903
          -152.175407872
          -165.453704639
          -176.989971486
          -187.099608530
          -195.996414939
          -203.831706251
          -210.715504771
          -216.728810329
          -221.931001474
          -226.364343352
          -230.056610645
          -233.022330016
          -235.262842790
          -236.765159035
          -237.499339323
          -237.413823003
          -236.427607738
          -234.417261115
          -231.194966824
          -226.470175237
          -219.779530758
          -210.351289753
          -196.823336703
          -176.599796417
          -144.192760750
          -86.1534055681
           38.3896128631
           439.797316638
           2060.85387817
           11675.3883222
           1970.56791122
           407.800913878
           44.6428809706
          -55.4653110288
          -92.3855447404
          -104.459507939
          -103.749124663
          -94.4474523551
          -77.1271035447
          -47.6989602699
           11.6014559468
           9.24827403052
           7.47426103977
 *
           1.23267448837
           1.33009513340
           1.43686559294
          -27.2903995729
          -77.1080828033
          -104.608368248
          -125.266359269
          -142.067181341
          -156.246538424
          -168.459146221
          -179.100953269
          -188.431940254
          -196.632348098
          -203.831706251
          -210.125115847
          -215.582914992
          -220.256601674
          -224.182460405
          -227.383642694
          -229.871073052
          -231.643311797
          -232.685311673
          -232.965794009
          -232.432673592
          -231.005473581
          -228.562790907
          -224.921175453
          -219.798318129
          -212.745892516
          -203.019709996
          -189.309669665
          -169.123622409
          -137.201426457
          -80.6784253089
           39.4550751875
           423.751206942
           1970.56791122
           11131.9601560
           1874.83704983
           391.424152739
           49.7660765254
          -42.1581003217
          -73.6916673761
          -80.7734342787
          -74.0377940756
          -55.2791181134
          -11.2499489028
           13.4836499635
           10.5354077837
           8.36856383550
 *
           1.16166499433
           1.25071078786
           1.34801448428
           1.45450288302
          -52.0945177639
          -87.7435196645
          -111.579428617
          -130.186140242
          -145.562196048
          -158.639363872
          -169.942019321
          -179.799120660
          -188.431940254
          -195.996414939
          -202.605827324
          -208.343868641
          -213.272537860
          -217.437036967
          -220.868773474
          -223.587052613
          -225.599743441
          -226.903004780
          -227.479987785
          -227.298239270
          -226.305252448
          -224.421150580
          -221.526653169
          -217.442861079
          -211.896095442
          -204.453833849
          -194.400970548
          -180.482812772
          -160.319868042
          -128.903973159
          -74.0126219673
           41.3897837886
           407.800913878
           1874.83704983
           10525.8779957
           1769.57747857
           375.500066524
           58.1623734227
          -24.0982147632
          -48.2823526282
          -46.7484925732
          -24.0613720640
           21.3774490902
           15.9112205073
           12.1352276183
           9.44349675426
 *
           1.09537127521
           1.17683915001
           1.26560917471
           1.36247095124
           1.46832131955
          -64.8689563883
          -94.6217656407
          -115.996876861
          -133.051489650
          -147.278823735
          -159.429035474
          -169.942019321
          -179.100953269
          -187.099608530
          -194.076106924
          -200.131495440
          -205.340654501
          -209.758983775
          -213.426576499
          -216.370777171
          -218.607594667
          -220.142197166
          -220.968545677
          -221.068072366
          -220.407132595
          -218.932699827
          -216.565337738
          -213.187693642
          -208.625231210
          -202.612800781
          -194.733867384
          -184.303401558
          -170.125166614
          -149.939730489
          -119.006231937
          -65.7793282490
           44.6428809706
           391.424152739
           1769.57747857
           9852.08515768
           1662.44486087
           363.417813528
           72.3125725685
           2.88707650891
          -7.02350160485
           38.7259721108
           26.6772354599
           19.1421418094
           14.1712085668
           10.7578218790
 *
           1.03342028065
           1.10802015823
           1.18908375722
           1.27728442734
           1.37338355973
          -22.5218038327
          -72.1636663701
          -98.5216217725
          -118.144336945
          -133.993106983
          -147.278823735
          -158.639363872
          -168.459146221
          -176.989971486
          -184.406105635
          -190.832649214
          -196.361446055
          -201.060553792
          -204.980101175
          -208.155960219
          -210.611988749
          -212.361243331
          -213.406351270
          -213.739080633
          -213.339010364
          -212.171038164
          -210.181220349
          -207.290029060
          -203.381369253
          -198.284266050
          -191.741212617
          -183.350830607
          -172.457698193
          -157.924505707
          -137.614820949
          -107.067300934
          -55.4653110288
           49.7660765254
           375.500066524
           1662.44486087
           9199.24310759
           1556.60369056
           357.510414230
           99.6430728336
           65.8525619715
           53.4143410420
           34.5257867182
           23.6186271231
           16.8398996116
           12.3987610723
 *
          0.975475803666
           1.04384175190
           1.11793442646
           1.19832843100
           1.28567067188
           1.38069197303
          -35.1764595505
          -75.5521774195
          -99.7881586198
          -118.144336945
          -133.051489650
          -145.562196048
          -156.246538424
          -165.453704639
          -173.414744554
          -180.290545240
          -186.196949281
          -191.219006016
          -195.419524346
          -198.844387815
          -201.525889396
          -203.484755978
          -204.731217725
          -205.265287766
          -205.076280897
          -204.141473092
          -202.423649528
          -199.867060079
          -196.390917448
          -191.878877643
          -186.161605642
          -178.986806872
          -169.965204013
          -158.467192343
          -143.410006926
          -122.776511354
          -92.3855447404
          -42.1581003217
           58.1623734227
           363.417813528
           1556.60369056
           8497.48317636
           1454.20028806
           377.773429749
           155.673345575
           79.8816932395
           47.0546725939
           30.1594947413
           20.4731861534
           14.5016349357
 *
          0.921233974452
          0.983933701273
           1.05171112807
           1.12505679914
           1.20452062595
           1.29072108329
           1.38435615864
          -38.5138653534
          -75.5521774195
          -98.5216217725
          -115.996876861
          -130.186140242
          -142.067181341
          -152.175407872
          -160.840779629
          -168.282323670
          -174.652699989
          -180.061691465
          -184.589590798
          -188.295254473
          -191.221108609
          -193.396279290
          -194.838473469
          -195.554941942
          -195.542677093
          -194.787868346
          -193.264517132
          -190.931966044
          -187.730878993
          -183.576845346
          -178.350124704
          -171.878792411
          -163.909997764
          -154.058549093
          -141.709286968
          -125.817400710
          -104.459507939
          -73.6916673761
          -24.0982147632
           72.3125725685
           357.510414230
           1454.20028806
           7798.44216989
           1380.09299184
           368.114848632
           136.672296364
           69.3811869232
           40.4456625278
           25.6759434551
           17.2883918860
 *
          0.870419401568
          0.927962365539
          0.990010517391
           1.05698270660
           1.12934649574
           1.20762543233
           1.29240765981
           1.38435615864
          -35.1764595505
          -72.1636663701
          -94.6217656407
          -111.579428617
          -125.266359269
          -136.658492903
          -146.286874679
          -154.477267280
          -161.444987938
          -167.339395045
          -172.267244230
          -176.305951502
          -179.511540683
          -181.923555347
          -183.568101450
          -184.459640702
          -184.601860495
          -183.987767455
          -182.599021513
          -180.404405554
          -177.357177616
          -173.390834142
          -168.412449638
          -162.292106723
          -154.845690898
          -145.805825968
          -134.770364569
          -121.105468890
          -103.749124663
          -80.7734342787
          -48.2823526282
           2.88707650891
           99.6430728336
           377.773429749
           1380.09299184
           7000.83206491
           1210.15609065
           318.592768926
           116.706944868
           58.4762187385
           33.6696505867
           21.1500774404
 *
          0.822781855225
          0.875626221391
          0.932469996073
          0.993670777215
           1.05962608584
           1.13077910390
           1.20762543233
           1.29072108329
           1.38069197303
          -22.5218038327
          -64.8689563883
          -87.7435196645
          -104.608368248
          -118.038241749
          -129.098028055
          -138.350945530
          -146.136295849
          -152.675316709
          -158.119652710
          -162.576368312
          -166.121958749
          -168.810641379
          -170.679409321
          -171.751099495
          -172.036131062
          -171.533251107
          -170.229429925
          -168.098904340
          -165.101228924
          -161.178021808
          -156.247830886
          -150.198105878
          -142.872460982
          -134.049863526
          -123.409191518
          -110.465530692
          -94.4474523551
          -74.0377940756
          -46.7484925732
          -7.02350160485
           65.8525619715
           155.673345575
           368.114848632
           1210.15609065
           6055.68338982
           1029.42264044
           266.464395389
           96.0393320481
           47.3095709400
           26.8442676694
 *
          0.778093406698
          0.826652034219
          0.878762640341
          0.934730418689
          0.994893224043
           1.05962608584
           1.12934649574
           1.20452062595
           1.28567067188
           1.37338355973
           1.46832131955
          -52.0945177639
          -77.1080828033
          -94.5285052141
          -108.045179893
          -118.980750502
          -127.991087406
          -135.456356923
          -141.617802018
          -146.637164883
          -150.626249911
          -153.663022576
          -155.800901684
          -157.074269982
          -157.501684880
          -157.087539372
          -155.822533634
          -153.683074134
          -150.629522084
          -146.603000864
          -141.520170951
          -135.264873375
          -127.674587556
          -118.517682339
          -107.452977242
          -93.9516952590
          -77.1271035447
          -55.2791181134
          -24.0613720640
           38.7259721108
           53.4143410420
           79.8816932395
           136.672296364
           318.592768926
           1029.42264044
           5045.70509019
           842.439772169
           213.086892737
           74.8125205789
           36.0520656907
 *
          0.736145952979
          0.780791567650
          0.828592870720
          0.879810167374
          0.934730418689
          0.993670777215
           1.05698270660
           1.12505679914
           1.19832843100
           1.27728442734
           1.36247095124
           1.45450288302
          -27.2903995729
          -60.8201745154
          -80.1967236723
          -94.4265586617
          -105.584046975
          -114.559670308
          -121.830996944
          -127.686028246
          -132.310481118
          -135.828267651
          -138.322412573
          -139.846586236
          -140.431594949
          -140.088836425
          -138.811658442
          -136.574981496
          -133.333141858
          -129.015498510
          -123.518741833
          -116.693715312
          -108.322122833
          -98.0724666558
          -85.4071392830
          -69.3498698783
          -47.6989602699
          -11.2499489028
           21.3774490902
           26.6772354599
           34.5257867182
           47.0546725939
           69.3811869232
           116.706944868
           266.464395389
           842.439772169
           4034.35539842
           648.473443945
           157.251655280
           53.3038930904
 *
          0.696749068088
          0.737818746000
          0.781692740908
          0.828592870720
          0.878762640341
          0.932469996073
          0.990010517391
           1.05171112807
           1.11793442646
           1.18908375722
           1.26560917471
           1.34801448428
           1.43686559294
           1.53280045920
          -31.3483845884
          -58.6499299576
          -75.2785980072
          -87.4396119428
          -96.8070607888
          -104.127940342
          -109.807591741
          -114.088869245
          -117.123984884
          -119.008035138
          -119.795946271
          -119.511033741
          -118.148540486
          -115.675401320
          -112.026209358
          -107.094084793
          -100.713014975
          -92.6233766503
          -82.3987605746
          -69.2648611740
          -51.5110813470
          -22.8816815861
           11.6014559468
           13.4836499635
           15.9112205073
           19.1421418094
           23.6186271231
           30.1594947413
           40.4456625278
           58.4762187385
           96.0393320481
           213.086892737
           648.473443945
           2947.11956019
           443.010984807
           100.210322043
 *
          0.659728132352
          0.697527199251
          0.737818746000
          0.780791567650
          0.826652034219
          0.875626221391
          0.927962365539
          0.983933701273
           1.04384175190
           1.10802015823
           1.17683915001
           1.25071078786
           1.33009513340
           1.41550754322
           1.50752733043
           1.60680810001
          -6.28593130552
          -44.1264213967
          -60.5260554277
          -71.6636376449
          -79.7339310000
          -85.5957136184
          -89.6782303370
          -92.2170930224
          -93.3399695567
          -93.1022249482
          -91.5004670733
          -88.4724013425
          -83.8829811733
          -77.4884216111
          -68.8500881609
          -57.0980471088
          -40.0238527913
          -1.43112144404
           7.31255645420
           8.19252823110
           9.24827403052
           10.5354077837
           12.1352276183
           14.1712085668
           16.8398996116
           20.4731861534
           25.6759434551
           33.6696505867
           47.3095709400
           74.8125205789
           157.251655280
           443.010984807
           1796.35861194
           234.310401247
 *
          0.624922699031
          0.659728132352
          0.696749068088
          0.736145952979
          0.778093406698
          0.822781855225
          0.870419401568
          0.921233974452
          0.975475803666
           1.03342028065
           1.09537127521
           1.16166499433
           1.23267448837
           1.30881493334
           1.39054984853
           1.47839844674
           1.57294436352
           1.67484607466
           1.78484939319
           1.90380254378
          -21.9674121528
          -37.8275833625
          -46.3375251417
          -51.1750917240
          -53.3279572154
          -53.1288803565
          -50.5754549135
          -45.3300208564
          -36.3997275234
          -20.1010439045
           4.23323989725
           4.60894469007
           5.03411262143
           5.51857033895
           6.07491363517
           6.71955176248
           7.47426103977
           8.36856383550
           9.44349675426
           10.7578218790
           12.3987610723
           14.5016349357
           17.2883918860
           21.1500774404
           26.8442676694
           36.0520656907
           53.3038930904
           100.210322043
           234.310401247
           646.534896482
 *
 MaxErr=           14796.8724188
